%YAML:1.0
description: "4"
samples:
   - !!opencv-matrix
      rows: 198
      cols: 1
      dt: d
      data: [ -2.2070114089684928e+001, -2.1446020206513875e+001,
          -2.0408982453545061e+001, -1.8802844241987920e+001,
          -1.6362245139822036e+001, -1.2797837457356250e+001,
          -8.3902989588835428e+000, -3.5178525298383496e+000,
          1.6252382160468992e+000, 6.6871373682127153e+000,
          1.1300101347964107e+001, 1.5277529963920394e+001,
          1.8171699293852672e+001, 1.9758155419361458e+001,
          2.0542198701943200e+001, 2.0808928669440380e+001,
          2.0667453769617246e+001, -1.8205788911912247e+001,
          -1.5995036751187447e+001, -1.2722815275554456e+001,
          -9.1298162260805622e+000, -5.6125274748312250e+000,
          3.4193613041476327e+000, 6.7391438553462670e+000,
          1.0242539483947898e+001, 1.3614100677761975e+001,
          1.6145225144037749e+001, -7.1566297598370976e-001,
          -4.6480899725344765e-001, -2.0945860624372678e-001,
          4.1294046028202858e-002, -3.0782407307942465e+000,
          -1.4552266140405823e+000, 2.1114848697593677e-001,
          1.8493608350989432e+000, 3.3959867255642870e+000,
          -1.2993400002274141e+001, -1.1007215395122001e+001,
          -8.5973291094684168e+000, -6.3280903348966877e+000,
          -8.4536769815198980e+000, -1.0742412438560770e+001,
          4.9775246823902615e+000, 7.1566072241489005e+000,
          9.5999820331699794e+000, 1.1741767313834787e+001,
          9.5424993394640580e+000, 7.2198119157337439e+000,
          -6.1168618279225431e+000, -4.4279782596577144e+000,
          -2.2599742599376178e+000, 3.5578003430032107e-001,
          2.9320853617352407e+000, 5.2604887601334118e+000,
          7.1652732334219857e+000, 5.1890878384866514e+000,
          2.9389911058556386e+000, 6.0445650376441629e-001,
          -1.7306199793288686e+000, -4.0259432838582407e+000,
          -1.9774553009608027e+000, 4.6529665548712690e-001,
          2.8817168528269606e+000, 2.7983851144582736e+000,
          4.4628218360758559e-001, -1.9212662486327492e+000,
          -5.3801296209136806e+000, -3.3966305261463681e-001,
          4.6490033609164696e+000, 9.4720132022380881e+000,
          1.3894563441498651e+001, 1.7462207919449998e+001,
          2.0012484139947023e+001, 2.1595882517674436e+001,
          2.1808424028107179e+001, 2.0921887903994460e+001,
          1.8771320214634077e+001, 1.5663740596939256e+001,
          1.1594777355391356e+001, 6.7989342194374425e+000,
          1.7108711383820241e+000, -3.4538981337644601e+000,
          -8.6074731671702693e+000, -1.3364514159565681e+001,
          -1.6176421040212556e+001, -1.7646752759551084e+001,
          -1.7792902574888899e+001, -1.7085261352752557e+001,
          -1.7810557003062016e+001, -1.8984232845583257e+001,
          -1.9333384843728243e+001, -1.8357534344231130e+001,
          -1.5938549892628917e+001, -1.1583887926673436e+001,
          -8.6473779763228062e+000, -5.7226976719800611e+000,
          -2.8122322144179956e+000, 1.0186076797037376e+000,
          1.3084317955431042e+000, 1.3279950486800949e+000,
          1.0827484461483758e+000, 5.8136489716356254e-001,
          -8.1444372941314622e+000, -9.3634884039091322e+000,
          -9.6755553648991981e+000, -9.1111238970206472e+000,
          -8.2587753064586664e+000, -7.8955997545376668e+000,
          -9.9057687743822687e+000, -1.0809417365964469e+001,
          -1.0847950411085835e+001, -9.9165314348815610e+000,
          -9.3463091594075127e+000, -9.3704177990340760e+000,
          9.0980083591885546e+000, 7.0531380427238384e+000,
          5.4537807367099562e+000, 5.4912335533364383e+000,
          5.1145209462589207e+000, 6.4393590042678728e+000,
          8.2612524291721510e+000, 9.3689146152016569e+000,
          9.9356993474331503e+000, 1.0174255843294189e+001,
          1.0222538665033394e+001, 9.9262965780120638e+000,
          7.7222715942725122e+000, 7.5108778784468990e+000,
          7.4197821227366552e+000, 7.4731563214874566e+000,
          7.5808903008547910e+000, 7.7617222744097925e+000,
          2.1456773095129119e+001, 2.1071186600559191e+001,
          2.0803401236848629e+001, 1.8509916229736533e+001,
          1.3401994799316084e+001, 7.8852567986311213e+000,
          3.5259391726437599e+000, -6.6251965370547572e-001,
          -4.6304604896507682e+000, -6.0870376590603403e-001,
          3.5895960686704331e+000, 8.0210683785156522e+000,
          1.3607445166290740e+001, 1.8756951990950824e+001,
          2.1010636928114586e+001, 2.1305718954405904e+001,
          2.1769069724417914e+001, 2.4194369408202207e-001,
          -1.6241109606522184e+000, -2.9978144963839228e+000,
          -4.2560655796665881e+000, -5.4145102852525309e+000,
          -5.3093067190445034e+000, -4.1188178114492331e+000,
          -2.8268021090857878e+000, -1.4170817177252988e+000,
          4.7711732469621926e-001, -4.8948022384965926e+000,
          -7.7396958399210334e+000, -1.0657247924153086e+001,
          -1.3475804185660300e+001, -6.4796981969112171e+000,
          -7.2848495378930567e+000, -8.1310299683835527e+000,
          -7.2327916925889504e+000, -6.3533540103169255e+000,
          -1.0327260855418126e+000, -1.2872956824727275e+000,
          -1.3056511840537099e+000, -1.0366000418239110e+000,
          -1.2144406183783119e+000, -1.1841124743189884e+000,
          -8.7935253389301293e-001, -1.1430519929162306e+000,
          -1.1534953727942294e+000, -9.3770353481215585e-001,
          -1.0670411810872529e+000, -1.0952101100177258e+000,
          -2.8527566716333435e+000, -4.9798900286372652e+000,
          -6.5526356058862074e+000, -8.1121975943801132e+000,
          -6.5735761482249631e+000, -4.9637389642714433e+000,
          -2.7823414298505043e+000, -3.8710309842961421e+000,
          -5.3650668094400435e+000, -6.8077398142121464e+000,
          -5.3658044306622319e+000, -3.9218957720309726e+000,
          -5.3190299363473805e+000, -7.3110337072775895e+000,
          -5.2628056579890616e+000, -4.6266401808446957e+000,
          -6.6515063323512713e+000, -4.6620697884132900e+000 ]
   - !!opencv-matrix
      rows: 198
      cols: 1
      dt: d
      data: [ -2.1061157481990321e+001, -2.0229940707167508e+001,
          -1.9058112492603023e+001, -1.7581896542100719e+001,
          -1.5475028491303146e+001, -1.2282932869383099e+001,
          -8.2310760488164956e+000, -3.5462361488527478e+000,
          1.5637136799744218e+000, 6.6228695732592282e+000,
          1.0991918758122726e+001, 1.4568270043987294e+001,
          1.7154093164149149e+001, 1.8570036343847121e+001,
          1.9314639180062468e+001, 1.9706346992597599e+001,
          1.9708237348399368e+001, -1.8162764041330671e+001,
          -1.6020083898455582e+001, -1.2761519742168318e+001,
          -9.1664931824969642e+000, -5.6133364376207311e+000,
          3.5042579880609885e+000, 6.6962224112519566e+000,
          1.0061746868201363e+001, 1.3326605221574058e+001,
          1.5824508341617415e+001, -5.5016806410257246e-001,
          -3.1213915026677674e-001, -7.3320839429784415e-002,
          1.5392284384758415e-001, -2.9785150920628487e+000,
          -1.3429126432956320e+000, 3.5818199907215770e-001,
          1.9794309715136054e+000, 3.4952758828787927e+000,
          -1.3084069326977268e+001, -1.1083626062672732e+001,
          -8.4578150152817884e+000, -6.1668574841533630e+000,
          -8.3801695480397314e+000, -1.0789011675385622e+001,
          4.8746449794691182e+000, 6.9582608632770517e+000,
          9.5958571704247859e+000, 1.1804183981465279e+001,
          9.6202654017503235e+000, 7.1960710904455372e+000,
          -6.3436635394807368e+000, -4.5697675912786018e+000,
          -2.2823524531943629e+000, 3.8620625869344444e-001,
          2.9795088904554925e+000, 5.3586990605426639e+000,
          7.2638576695491368e+000, 5.3734795534782611e+000,
          3.0759846315781050e+000, 6.2229208907352740e-001,
