%YAML:1.0
description: neutre
samples:
   - !!opencv-matrix
      rows: 198
      cols: 1
      dt: d
      data: [ -2.0292723713247049e+001, -1.9129904134145491e+001,
          -1.7652233546456749e+001, -1.6008266391009606e+001,
          -1.3802398349562893e+001, -1.0810115602643219e+001,
          -7.2440965767913248e+000, -3.1300826310609131e+000,
          1.5449815839248169e+000, 6.1632087421870967e+000,
          9.9086357216924146e+000, 1.2940896937126448e+001,
          1.5323839859238362e+001, 1.6910879604002009e+001,
          1.7903933531974964e+001, 1.8690394521108750e+001,
          1.9115494576209592e+001, -1.8502223570384071e+001,
          -1.6022269186980893e+001, -1.2709807210051242e+001,
          -9.2448981586380974e+000, -5.8703758765427310e+000,
          3.3593455978411493e+000, 6.4970956597665976e+000,
          9.8285079280898984e+000, 1.3169447339075303e+001,
          1.5921823757779501e+001, -6.6734515450052012e-001,
          -4.0163159734887244e-001, -1.4153423357024081e-001,
          1.1497891180655349e-001, -3.1994480952914444e+000,
          -1.4716734841096595e+000, 3.4894509984664357e-001,
          2.0894534708133921e+000, 3.6774786525176792e+000,
          -1.4015792813854146e+001, -1.1955467172325445e+001,
          -9.2808502750033082e+000, -7.0288670635234700e+000,
          -9.3095679912542728e+000, -1.1728238331574550e+001,
          5.4604488544125633e+000, 7.5008648086246703e+000,
          1.0160824162657599e+001, 1.2399345203863055e+001,
          1.0207147913508864e+001, 7.7906324463473435e+000,
          -6.7521483296396951e+000, -4.6060380309136111e+000,
          -2.1135212324423618e+000, 5.6752156468830017e-001,
          3.1774939082122251e+000, 5.7454068189442697e+000,
          8.0067578620913924e+000, 6.1587721583379773e+000,
          3.6816348504273528e+000, 9.0995434950166187e-001,
          -1.9285527215884453e+000, -4.5823598746908063e+000,
          -2.1416296746285615e+000, 6.8301147487823621e-001,
          3.4557230737216549e+000, 3.5156338110273451e+000,
          7.3239169816287808e-001, -2.1140235650072614e+000,
          -4.5421802185751048e+000, 1.8384580231300002e-001,
          4.8318909957739953e+000, 9.3554774048543035e+000,
          1.3507841260692356e+001, 1.7090552366821129e+001,
          2.0134269955684122e+001, 2.2378405372804391e+001,
          2.2831699834058703e+001, 2.1748240249790051e+001,
          1.8896787818113388e+001, 1.5293418778947990e+001,
          1.1268723080101218e+001, 6.8762356543200287e+000,
          2.2610623494136943e+000, -2.4440914806330096e+000,
          -7.1788825901779658e+000, -1.4468043220361146e+001,
          -1.6733471333814649e+001, -1.7687907841894020e+001,
          -1.7622174232276588e+001, -1.6864495110841112e+001,
          -1.7332387490403715e+001, -1.8532476081810454e+001,
          -1.9083423395118704e+001, -1.8686856870860083e+001,
          -1.6914614647841070e+001, -1.1910920733035724e+001,
          -8.3669623931747967e+000, -4.8493009998042149e+000,
          -1.3383392737718194e+000, 1.2557156656098174e+000,
          1.7731332570132439e+000, 1.9010094731633400e+000,
          1.5371326619314936e+000, 7.9647121968665124e-001,
          -1.0153169798090985e+001, -1.1792523579218486e+001,
          -1.2044740862765133e+001, -1.0793837508208778e+001,
          -1.0052983668743048e+001, -9.7496549991612138e+000,
          -1.1580233481227079e+001, -1.3091110240551924e+001,
          -1.3213071191851368e+001, -1.1862070125787287e+001,
          -1.1157990759540098e+001, -1.1144980628213180e+001,
          9.0585117756342761e+000, 7.4783823475517366e+000,
          6.3713809808840223e+000, 6.4890760370333753e+000,
          6.0383395128779327e+000, 6.8199643591829631e+000,
          8.1346312445889541e+000, 1.0121421924023204e+001,
          1.1388343687362202e+001, 1.1902413841906238e+001,
          1.1731956320752973e+001, 1.0783991542421527e+001,
          8.3326792336968563e+000, 8.2654830922955469e+000,
          7.9871964945295018e+000, 8.5309400451880748e+000,
          8.9556117185001760e+000, 8.8807736992020363e+000,
          2.1499540462658128e+001, 2.0989926277541457e+001,
          2.0606983991064268e+001, 1.8489642332856160e+001,
          1.3543753056994973e+001, 8.1113917486678275e+000,
          3.4184601994247319e+000, -9.5469049484130086e-001,
          -4.4538462658452813e+000, -9.1329314116331273e-001,
          3.5185411534965967e+000, 8.2585133056743238e+000,
          1.3730618972836282e+001, 1.8627307579529347e+001,
          2.0786618546165567e+001, 2.1134949077042517e+001,
          2.1626837062809315e+001, 3.7121473255575066e-001,
          -1.3699554050727252e+000, -2.8654733013718419e+000,
          -4.3014302733262477e+000, -5.5199304332609556e+000,
          -5.5880670959480083e+000, -4.2781721700392650e+000,
          -2.7722582307005692e+000, -1.2080447130358889e+000,
          5.4856081136547363e-001, -4.7722479219090230e+000,
          -7.7939194772185365e+000, -1.0877051001992658e+001,
          -1.3682492443992121e+001, -6.5066668298255541e+000,
          -7.4978144396860014e+000, -8.3732202080742173e+000,
          -7.5110570541489894e+000, -6.4823577218995849e+000,
          -5.7626858996780450e-001, -8.3005557633371541e-001,
          -1.1260968002942464e+000, -1.1698747732603803e+000,
          -1.0884731059251824e+000, -9.4798764889794007e-001,
          -1.1525420546734237e+000, -1.0607174887342385e+000,
          -7.3466527732428544e-001, -4.5374771440263839e-001,
          -8.6196579675658835e-001, -1.0317984819691810e+000,
          -2.8051902065188075e+000, -4.9524137901699543e+000,
          -6.5635318183275571e+000, -8.4333075522771104e+000,
          -6.5258172045639435e+000, -4.8808022852137043e+000,
          -2.7442460840731484e+000, -4.0806724281070830e+000,
          -5.1995313220947592e+000, -6.5517452554629338e+000,
          -5.2217896687153855e+000, -4.1167088660213791e+000,
          -5.4619267583191569e+000, -7.7956365545252027e+000,
          -5.4142445221490751e+000, -4.6521990197414018e+000,
          -6.4253338654483363e+000, -4.6814696852092403e+000 ]
   - !!opencv-matrix
      rows: 198
      cols: 1
      dt: d
      data: [ -2.0252998885153374e+001, -1.9085873596816430e+001,
          -1.7607497441334985e+001, -1.5971451506441653e+001,
          -1.3780355721841357e+001, -1.0801044749374382e+001,
          -7.2473956451084831e+000, -3.1401979584570414e+000,
          1.5355958552335256e+000, 6.1611875555755340e+000,
          9.9068355635824279e+000, 1.2928236783857091e+001,
          1.5305362820548348e+001, 1.6886539190183964e+001,
          1.7872820924830680e+001, 1.8657169548811751e+001,
          1.9081822360986020e+001, -1.8487215641492782e+001,
          -1.6012646651834391e+001, -1.2715080506967549e+001,
          -9.2683863061214815e+000, -5.9106812242657432e+000,
          3.3712173291810963e+000, 6.4941139987117609e+000,
          9.8079935453501381e+000, 1.3131513382081483e+001,
          1.5872328222787775e+001, -6.6128078050370065e-001,
          -3.9161576282280730e-001, -1.2852387198589205e-001,
          1.3065245978873857e-001, -3.1748719725709025e+000,
          -1.4485915945555710e+000, 3.6928741387870323e-001,
          2.1017625473796433e+000, 3.6827750616014665e+000,
          -1.4063411197591103e+001, -1.2001845748783449e+001,
          -9.3231732682480484e+000, -7.0695069165126920e+000,
          -9.3522493244675520e+000, -1.1773930612150140e+001,
          5.4509989941651762e+000, 7.4901415467047361e+000,
          1.0152753801136903e+001, 1.2393099823862048e+001,
          1.0200158819788856e+001, 7.7818548056186732e+000,
          -6.7499746949045889e+000, -4.5920867958299683e+000,
          -2.0919887814907807e+000, 5.8554478947124100e-001,
          3.1889169688552585e+000, 5.7601238245677164e+000,
          8.0283431710282240e+000, 6.1931684506903943e+000,
          3.7104574021731862e+000, 9.3017321649244367e-001,
