%YAML:1.0
description: "1"
samples:
   - !!opencv-matrix
      rows: 198
      cols: 1
      dt: d
      data: [ -2.2923539173224242e+001, -2.2420628778639653e+001,
          -2.1669998216538421e+001, -2.0253839701081542e+001,
          -1.7777827860229070e+001, -1.3731430779399638e+001,
          -8.7326411666312556e+000, -3.2503449485634817e+000,
          2.2582869149591760e+000, 7.3852621388873203e+000,
          1.2317843147040728e+001, 1.6573631233892819e+001,
          1.9641556282979369e+001, 2.1069735234900861e+001,
          2.1560599686217149e+001, 2.1476009028965560e+001,
          2.1167238551802757e+001, -1.8822826618915009e+001,
          -1.6723329954789396e+001, -1.3533131241623128e+001,
          -1.0082451101997995e+001, -6.7183994424104574e+000,
          4.9271314437532228e+000, 7.9787512792219868e+000,
          1.1224123704272216e+001, 1.4401565762310062e+001,
          1.6754118415030455e+001, -5.8801579341609811e-001,
          -3.5310113619887989e-001, -1.1495448711831080e-001,
          1.2055022226804148e-001, -3.1012067214692687e+000,
          -1.5727920239689790e+000, -6.8215180597806281e-004,
          1.5171500190404335e+000, 2.9711129594801773e+000,
          -1.3552512782407304e+001, -1.1646079075926551e+001,
          -9.2984213147529324e+000, -7.0297962089726571e+000,
          -9.0620971044543221e+000, -1.1289437179681521e+001,
          5.8922134411829408e+000, 8.0907174141722766e+000,
          1.0485853147520640e+001, 1.2524270640589144e+001,
          1.0273678152442056e+001, 8.0264548641394970e+000,
          -6.5058768191649161e+000, -4.8583550208361324e+000,
          -2.4662581383245747e+000, 1.9383197799975707e-001,
          2.7444611747461809e+000, 5.2244205453711263e+000,
          7.0960337107906621e+000, 5.1323799766090206e+000,
          2.7929322955480544e+000, 5.0980133779599912e-001,
          -1.8744801120941883e+000, -4.3248007857682840e+000,
          -1.7109687980732882e+000, 3.1751052434684296e-001,
          2.2614612111463313e+000, 2.2778305626539770e+000,
          3.1827745560662163e-001, -1.7117069193868113e+000,
          -6.6928307189658973e+000, -1.2298397730923687e+000,
          4.1871078337258822e+000, 9.6909086944674954e+000,
          1.5141924501528184e+001, 1.9554306504137344e+001,
          2.2600734746420297e+001, 2.4304047918192918e+001,
          2.4831138289786377e+001, 2.3338872446791214e+001,
          2.0816013511773644e+001, 1.7095327868297176e+001,
          1.2182147818410069e+001, 6.5350049541960766e+000,
          1.0358218903408294e+000, -4.2720406899373664e+000,
          -9.5819125932631177e+000, -1.2093690984775442e+001,
          -1.4640134560743157e+001, -1.5706718678349196e+001,
          -1.5497101252300766e+001, -1.4464824090117638e+001,
          -1.5291454871783149e+001, -1.6750202974650129e+001,
          -1.7443715618319324e+001, -1.6918361569405409e+001,
          -1.4820238811408846e+001, -9.3488996376082341e+000,
          -6.0256406943226732e+000, -2.6723417141239807e+000,
          6.6102724110997713e-001, -3.7815772563935729e-001,
          8.6466955254111098e-003, 2.1659521347976887e-001,
          -2.0258772882915779e-001, -7.8048898209722806e-001,
          -7.6191284844457119e+000, -8.8674793749863863e+000,
          -9.3459588806953153e+000, -8.8676930772012117e+000,
          -7.9084027063904836e+000, -7.5783408637491565e+000,
          -9.7945477340429559e+000, -1.0563694081695068e+001,
          -1.0405010895352198e+001, -9.4017880919867665e+000,
          -9.0675599521188825e+000, -9.0875023209149735e+000,
          6.4974413133846394e+000, 4.5514441825739445e+000,
          3.5453187109805882e+000, 3.9031201596794061e+000,
          3.1799045561792232e+000, 3.8612528664217849e+000,
          5.5925011095521384e+000, 6.9233872047807052e+000,
          7.4985849997266056e+000, 7.8784280344441786e+000,
          7.8343261157087163e+000, 7.5595872150355810e+000,
          5.3760710041804023e+000, 5.7381129678263294e+000,
          5.0981738161131522e+000, 5.1481849170896066e+000,
          5.5121563646008847e+000, 5.4207595679360789e+000,
          2.1713481868771495e+001, 2.1588385097130310e+001,
          2.1186609798400809e+001, 1.8587848499656047e+001,
          1.3017213476011724e+001, 7.5636988552726967e+000,
          3.4454957902976577e+000, -8.3734603297494981e-001,
          -5.1530506719330917e+000, -8.1902397725802378e-001,
          3.5368915289629834e+000, 7.7785605550215706e+000,
          1.3328578673395665e+001, 1.8854717955614525e+001,
          2.1422731464879206e+001, 2.1783049044179119e+001,
          2.2005421632374958e+001, 2.8678273786719749e-001,
          -1.8501647284337290e+000, -3.2609986780870108e+000,
          -4.5573956667428908e+000, -5.5184522194358925e+000,
          -5.4570506303466910e+000, -4.4373770650049922e+000,
          -3.0738468541011561e+000, -1.6174332309968358e+000,
          5.3631715659413082e-001, -4.9609313952331728e+000,
          -8.0683875571264938e+000, -1.0945079475961496e+001,
          -1.3391068408768971e+001, -5.9127647921806901e+000,
          -7.1360776952371134e+000, -8.4038572529041868e+000,
          -7.1498433075358312e+000, -5.7803572935239673e+000,
          -1.4887136155314222e+000, -1.6086512066637928e+000,
          -1.3870171444092316e+000, -7.4328922019677657e-001,
          -9.4895293044549656e-001, -1.1382923598128731e+000,
          -7.5623979058784796e-001, -1.2342856654649454e+000,
          -1.4348585754661143e+000, -1.3375924553796452e+000,
          -1.0465939252976959e+000, -9.3468389240049865e-001,
          -2.8068004660631050e+000, -4.9435956086602655e+000,
          -6.4354657171213931e+000, -7.7783816106700439e+000,
          -6.4646198578375929e+000, -4.9377684477873318e+000,
          -2.8286013116027022e+000, -3.7279911389697498e+000,
          -5.3706961289258635e+000, -7.1130175960979090e+000,
          -5.3391092342752433e+000, -3.7876770661785124e+000,
          -5.3257782141555019e+000, -6.9621374697117027e+000,
          -5.3216113101944087e+000, -4.4527067437480898e+000,
          -6.1788582534786745e+000, -4.4711803627080204e+000 ]
   - !!opencv-matrix
      rows: 198
      cols: 1
      dt: d
      data: [ -2.2887678678696545e+001, -2.2384828724478361e+001,
          -2.1637247480422118e+001, -2.0234516979791351e+001,
          -1.7783242151851457e+001, -1.3753189031544355e+001,
          -8.7579766183652588e+000, -3.2703547713900409e+000,
          2.2427148627546036e+000, 7.3780304757510704e+000,
          1.2309791973204160e+001, 1.6558488500096917e+001,
          1.9620940846388496e+001, 2.1048814658867702e+001,
          2.1539873494953525e+001, 2.1453924919329602e+001,
          2.1141445002156033e+001, -1.8812533422257140e+001,
          -1.6723253028318226e+001, -1.3540973213367476e+001,
          -1.0095997609778454e+001, -6.7355107120334541e+000,
          4.9589677174794824e+000, 7.9933696585090352e+000,
          1.1221455433951460e+001, 1.4382164737323986e+001,
          1.6721684053870614e+001, -5.7566386610881415e-001,
          -3.4663524311201027e-001, -1.1452156181536256e-001,
          1.1485708522065378e-001, -3.0947625327814356e+000,
          -1.5669440196857460e+000, 4.4667451905395271e-003,
          1.5175431739075831e+000, 2.9676128980065926e+000,
          -1.3539354290454948e+001, -1.1634517649824506e+001,
          -9.2870207082903118e+000, -7.0183024016920799e+000,
          -9.0493785816765300e+000, -1.1277098517171547e+001,
          5.8915188861160734e+000, 8.0862314949252561e+000,
          1.0479050488764862e+001, 1.2514054935450341e+001,
          1.0267704841321461e+001, 8.0221928678643852e+000,
          -6.4915987339797496e+000, -4.8443452326127634e+000,
          -2.4562774784509154e+000, 1.9845601075019051e-001,
          2.7419375619381543e+000, 5.2144199935919575e+000,
          7.0786649842419083e+000, 5.1229037979572096e+000,
          2.7918432356930434e+000, 5.1530667263111118e-001,
