%YAML:1.0
description: "12"
samples:
   - !!opencv-matrix
      rows: 198
      cols: 1
      dt: d
      data: [ -2.0376219294208987e+001, -1.9788449389348120e+001,
          -1.8880138446289557e+001, -1.7614391710947825e+001,
          -1.5697931434024513e+001, -1.2564627417900139e+001,
          -8.3946789556223518e+000, -3.6055514058331921e+000,
          1.5494841373392052e+000, 6.6956351071512277e+000,
          1.1262758483806905e+001, 1.4991123554638989e+001,
          1.7450788634291431e+001, 1.8562268601901305e+001,
          1.9046211797131509e+001, 1.9179285271260103e+001,
          1.8957639544861781e+001, -1.6759158738544986e+001,
          -1.4772085760111406e+001, -1.1822574335971538e+001,
          -8.5016448291534559e+000, -5.2379618552275744e+000,
          2.6482185153761542e+000, 5.7354607692222137e+000,
          9.0145187238761046e+000, 1.2106350779458920e+001,
          1.4429898588225468e+001, -6.6108124520654732e-001,
          -4.0347081942447627e-001, -1.4966296482407390e-001,
          9.5977268626374540e-002, -2.7742880112866586e+000,
          -1.2496108721891319e+000, 3.0785300845963404e-001,
          1.8073176081698499e+000, 3.2432068687079414e+000,
          -1.1729638881946965e+001, -1.0075720381147928e+001,
          -8.0350094370998448e+000, -6.0978959022246446e+000,
          -7.8781202886998436e+000, -9.8142294118728426e+000,
          4.7772513404431729e+000, 6.6304480092412623e+000,
          8.6815080518813854e+000, 1.0452057942986297e+001,
          8.5961659532806163e+000, 6.6468825045551103e+000,
          -6.7907902111184422e+000, -4.7567552732397278e+000,
          -2.3566418157194717e+000, 4.3345953214682853e-001,
          3.1760064620121518e+000, 5.6961173522830979e+000,
          7.8800651331786300e+000, 5.8154396851631631e+000,
          3.3462742393583245e+000, 6.9337848407452107e-001,
          -1.9846742912466329e+000, -4.5433174808747410e+000,
          -2.2861874319200806e+000, 5.4448656660491301e-001,
          3.3238329676288183e+000, 3.3780719266295862e+000,
          5.5747817659442678e-001, -2.3055735939587434e+000,
          -5.8727312356683479e+000, -7.0693897582015985e-001,
          4.4212107487702861e+000, 9.4867769003324689e+000,
          1.4345499428765928e+001, 1.8429142204338554e+001,
          2.1455709939300057e+001, 2.3402308157402846e+001,
          2.3814762386331935e+001, 2.2766223779769504e+001,
          2.0192980009893940e+001, 1.6540253752147258e+001,
          1.1939419491351320e+001, 6.7539515381551531e+000,
          1.4746311742020919e+000, -3.8062816690692638e+000,
          -9.0743586242777283e+000, -1.4653199251800462e+001,
          -1.7350817743270955e+001, -1.8946457074117166e+001,
          -1.9292731511249393e+001, -1.8681051040847784e+001,
          -1.9183345260910393e+001, -2.0233733713587590e+001,
          -2.0350825123036852e+001, -1.9223799829552668e+001,
          -1.6907396365637290e+001, -1.1756615405212957e+001,
          -8.7329434204927416e+000, -5.7208767313516891e+000,
          -2.7279391907792636e+000, 9.9215319808052282e-001,
          1.2223719767961687e+000, 1.2389247311065925e+000,
          1.0210693651128533e+000, 5.9837556720792107e-001,
          -8.4190703619021985e+000, -9.4896888195420015e+000,
          -9.7325355517393763e+000, -9.2453348184379003e+000,
          -8.4554868399456939e+000, -8.1670087281376311e+000,
          -9.9537777935743019e+000, -1.0701690793264490e+001,
          -1.0747169056147087e+001, -9.9097206026071500e+000,
          -9.3987874449248778e+000, -9.4208080442903217e+000,
          8.9413414905343913e+000, 7.0511286366078343e+000,
          5.5830785769800730e+000, 5.5672307698858097e+000,
          5.2416184698395361e+000, 6.4191650098420174e+000,
          8.0568542083063850e+000, 9.5882910876361915e+000,
          1.0507125081213205e+001, 1.0862931351230571e+001,
          1.0814933058951970e+001, 1.0191563187753122e+001,
          7.8934793189992494e+000, 7.6895044986691401e+000,
          7.5651008769125534e+000, 8.0790444108963690e+000,
          8.3003724939844492e+000, 8.4147144230658650e+000,
          2.1389511443455323e+001, 2.0933714657714951e+001,
          2.0550122716226113e+001, 1.8362030541982300e+001,
          1.3557705909617223e+001, 7.8041957288431067e+000,
          3.2586362704488385e+000, -7.5708900484894004e-001,
          -4.8379020700302098e+000, -6.5705898965463982e-001,
          3.3668739341551275e+000, 7.9584314190231682e+000,
          1.3759046630828799e+001, 1.8560112731740915e+001,
          2.0723354506588546e+001, 2.1100750764088612e+001,
          2.1578917474493000e+001, 3.0112492017226150e-001,
          -1.6056961229792699e+000, -2.9481596169882809e+000,
          -4.1056906268516169e+000, -5.2215594940193482e+000,
          -5.2232938316003130e+000, -4.0526149907160880e+000,
          -2.8483605538101924e+000, -1.4535051411576845e+000,
          4.5864431063934918e-001, -4.8523873074069721e+000,
          -7.6614464522115986e+000, -1.0552856402426182e+001,
          -1.3416729431826493e+001, -6.4160591581691815e+000,
          -7.1730583971604700e+000, -8.0173085177887042e+000,
          -7.1294812589887648e+000, -6.3260633537341358e+000,
          -9.6025298757927180e-001, -1.3537069670071640e+000,
          -1.4973846351511717e+000, -1.1170007996804585e+000,
          -1.2242550101254936e+000, -1.1261924596094728e+000,
          -1.0067888890780241e+000, -1.3882443474160475e+000,
          -1.2700014660917229e+000, -9.1087485216948794e-001,
          -1.0542305123084443e+000, -1.1401699534703826e+000,
          -2.7119048509897246e+000, -4.9771228717029690e+000,
          -6.5534199524779320e+000, -8.0209306940290421e+000,
          -6.5317567812635540e+000, -4.9134592044272551e+000,
          -2.6026606178990246e+000, -3.8700274210967667e+000,
          -5.2096980187132278e+000, -6.7155576983021268e+000,
          -5.2458761817892334e+000, -3.9264136635203220e+000,
          -5.1020261028732712e+000, -7.2799899085534543e+000,
          -5.0131305128206396e+000, -4.5112682985302612e+000,
          -6.5923112089921867e+000, -4.5800910783385174e+000 ]
   - !!opencv-matrix
      rows: 198
      cols: 1
      dt: d
      data: [ -2.1460043814860750e+001, -2.0745495115353062e+001,
          -1.9609733279459011e+001, -1.8008710908575367e+001,
          -1.5636614203633501e+001, -1.2283701377376497e+001,
          -8.1901208879037846e+000, -3.5362587709551612e+000,
          1.5048780988896797e+000, 6.5011144037941797e+000,
          1.0887661246403995e+001, 1.4599677063104133e+001,
          1.7349472365960157e+001, 1.8918533715341994e+001,
          1.9765306619376908e+001, 2.0193748759304128e+001,
          2.0204579018755499e+001, -1.7536520828333273e+001,
          -1.5277925105147618e+001, -1.2216474660306982e+001,
          -8.9568073714297469e+000, -5.8295546779394920e+000,
          3.5677022584092568e+000, 6.5918485932653530e+000,
          9.8609024822908431e+000, 1.3090574639351409e+001,
          1.5682985428415883e+001, -7.3978020437347825e-001,
          -4.8771096410118303e-001, -2.3126402067069790e-001,
          2.0211295790945796e-002, -3.0726167040321211e+000,
          -1.5126299361261781e+000, 1.3795960555690576e-001,
          1.7972658272560822e+000, 3.3111919042344296e+000,
          -1.3182513843535927e+001, -1.1221379077782315e+001,
          -8.7862622480955928e+000, -6.7220086276765150e+000,
          -8.8103676832197131e+000, -1.1067566035959100e+001,
          5.6093656451522236e+000, 7.5198990920151205e+000,
          9.9774054890707262e+000, 1.2122010399959304e+001,
          1.0097133113028862e+001, 7.8210512462755446e+000,
          -5.0954528152411092e+000, -3.5028897319446459e+000,
          -1.6766872997919611e+000, 3.3823032243653889e-001,
          2.3314144131568750e+000, 4.2866717571382855e+000,
          6.0730067848053393e+000, 4.5187086782884522e+000,
          2.6118375284425537e+000, 5.4773463118382548e-001,
