%YAML:1.0
description: "19"
samples:
   - !!opencv-matrix
      rows: 198
      cols: 1
      dt: d
      data: [ -1.8201954176118672e+001, -1.7477268648138182e+001,
          -1.6353344041543259e+001, -1.4855599008153659e+001,
          -1.2939022141618862e+001, -1.0506874109789656e+001,
          -7.3598862663363525e+000, -3.3165031741307480e+000,
          1.7812401782863680e+000, 6.8405357645532252e+000,
          1.0427911371258837e+001, 1.2913733718167771e+001,
          1.4597151834286477e+001, 1.5797335777120010e+001,
          1.6554668899212992e+001, 1.6864821124067920e+001,
          1.6724732300033960e+001, -1.4812055905499367e+001,
          -1.2997803778298445e+001, -1.0569604375632261e+001,
          -7.8864123895954537e+000, -5.2810986737945038e+000,
          2.8335388224700204e+000, 5.1822861131296447e+000,
          7.7230853321101716e+000, 1.0156031943740201e+001,
          1.2161298555634392e+001, -6.9620460428996522e-001,
          -4.2901106080127793e-001, -1.6890840895493109e-001,
          8.3340726424879497e-002, -2.7515374536190205e+000,
          -1.2818645930973234e+000, 3.2616279567179501e-001,
          1.8761280159974114e+000, 3.2202134824051911e+000,
          -1.0707778698508156e+001, -8.9625732668337665e+000,
          -6.7908875979349856e+000, -5.0785710994798228e+000,
          -6.9421393203825534e+000, -8.9259471101103092e+000,
          3.6602366728285158e+000, 5.1924234260772213e+000,
          7.3318323471107947e+000, 9.1666458339838197e+000,
          7.5073142324118090e+000, 5.5543602265723715e+000,
          -3.9786910736613654e+000, -3.1025626972341360e+000,
          -1.6128043297755181e+000, 3.4893237417210421e-001,
          2.3151858026407250e+000, 3.9323409631639845e+000,
          4.9491541862959476e+000, 4.6983439669049130e+000,
          3.5098703450292930e+000, 9.5956694685507726e-001,
          -1.7172447216530402e+000, -3.2850660276540244e+000,
          -1.2044641945505759e+000, 4.4209602501138101e-001,
          2.1329788433831531e+000, 2.5522140226575249e+000,
          7.9364520899244739e-001, -1.1128479365466168e+000,
          -5.3866128514870120e+000, -8.9054448510729259e-002,
          5.1902865508715950e+000, 1.0079736829945979e+001,
          1.4201450913540633e+001, 1.8029293895880198e+001,
          2.1635582817090324e+001, 2.4441588956988280e+001,
          2.4830648780753592e+001, 2.3627899177397577e+001,
          2.0129008681554232e+001, 1.5921672595879597e+001,
          1.1613921749332114e+001, 7.2258477701792705e+000,
          2.2404447833429004e+000, -3.0518617165226960e+000,
          -8.2982516890851343e+000, -1.6152245780315894e+001,
          -1.8382503378800184e+001, -1.9769429116007530e+001,
          -2.0191987134030690e+001, -1.9785551354784534e+001,
          -2.0243388078958358e+001, -2.0932331939787844e+001,
          -2.0857146321588488e+001, -1.9905055761318522e+001,
          -1.8117505752244732e+001, -1.3517742719971833e+001,
          -9.7302728160775622e+000, -5.9537285831433460e+000,
          -2.1523657288038462e+000, 1.4730833570305888e+000,
          1.9387758063320437e+000, 2.0033141425389038e+000,
          1.7661079142476726e+000, 1.1461014731885986e+000,
          -1.1365317409809624e+001, -1.2551588248066055e+001,
          -1.2628633609334074e+001, -1.1475002509412272e+001,
          -1.0811408990275018e+001, -1.0672417862818078e+001,
          -1.1984248096283594e+001, -1.3302579782142455e+001,
          -1.3508816962999580e+001, -1.2521530361046107e+001,
          -1.1630774368987531e+001, -1.1534605237165330e+001,
          9.4833541208151377e+000, 7.4835354435162742e+000,
          5.8959035712854302e+000, 5.6523049328412576e+000,
          5.7016488068098639e+000, 7.1512506448113440e+000,
          9.1126562438309193e+000, 1.2010303473313140e+001,
          1.4596115920673247e+001, 1.5477510279867378e+001,
          1.4867841655462110e+001, 1.2379023689553254e+001,
          8.0786207293625196e+000, 7.3169672142835980e+000,
          7.9517591816626920e+000, 1.1579178616899915e+001,
          1.2535227665948577e+001, 1.1736142837451553e+001,
          2.0733421799118581e+001, 1.9995836702491708e+001,
          1.9607123840304240e+001, 1.8300221562036235e+001,
          1.3435968998566009e+001, 8.0602501725088853e+000,
          2.9767065394595105e+000, -8.8201334666224585e-001,
          -4.3897774363760851e+000, -6.9762173302362673e-001,
          3.1244889802503812e+000, 8.2326158974317067e+000,
          1.3614819511684816e+001, 1.8352461355290888e+001,
          1.9632357224012956e+001, 1.9948754895323059e+001,
          2.0715250042750515e+001, 3.8669266356326892e-001,
          -1.4461560738444224e+000, -2.7138359055559591e+000,
          -3.9707392130101797e+000, -5.2151221066101812e+000,
          -5.1811349588307580e+000, -3.8938332576734416e+000,
          -2.5906028952955467e+000, -1.2787598157375866e+000,
          5.0809852641677089e-001, -4.7200770960502814e+000,
          -7.7374969426828653e+000, -1.0564530769810656e+001,
          -1.3041621888486439e+001, -6.8285151768003276e+000,
          -7.2190481400688107e+000, -7.4677305942703809e+000,
          -7.0838311449080296e+000, -6.5873776764447474e+000,
          -9.3489008643355298e-001, -9.8867510935610659e-001,
          -1.1359577911309380e+000, -8.3862365333450883e-001,
          -1.1350536555951654e+000, -1.0747508885568717e+000,
          -7.9703283944900238e-001, -9.8329074704106922e-001,
          -8.5483815286387144e-001, -8.5630528600022293e-001,
          -9.9960909758586491e-001, -1.0944203475247485e+000,
          -2.3970720772694745e+000, -4.8910624755110508e+000,
          -6.5857300219795247e+000, -8.6098444740471205e+000,
          -6.4711209258975728e+000, -4.7516559532728184e+000,
          -2.2942750704505324e+000, -3.9763324124935844e+000,
          -5.2367737118493789e+000, -6.8000432367360215e+000,
          -5.3615580466125365e+000, -4.1242331301103823e+000,
          -4.6513327548702001e+000, -7.4208407327971599e+000,
          -4.4410801958805566e+000, -4.0914355933454800e+000,
          -6.0283759514897959e+000, -4.2889143275756689e+000 ]
   - !!opencv-matrix
      rows: 198
      cols: 1
      dt: d
      data: [ -1.9621805563219819e+001, -1.8982968141931664e+001,
          -1.7890700699995893e+001, -1.6055540033473289e+001,
          -1.3558151276401022e+001, -1.0594241695933212e+001,
          -7.0864186827772420e+000, -2.9403205186340986e+000,
          2.1440786272460342e+000, 6.9595666167520438e+000,
          1.0410923604751288e+001, 1.3038015446067289e+001,
          1.5081889618790219e+001, 1.6803243353447076e+001,
          1.7867796469965143e+001, 1.8144482057109816e+001,
          1.7938034390276965e+001, -1.6284579474101260e+001,
          -1.4358743499684159e+001, -1.1364410137899165e+001,
          -8.0338412248054709e+000, -4.7852187967171123e+000,
          2.8852610974283839e+000, 5.7720623587068349e+000,
          8.8429428335331597e+000, 1.1768300892132427e+001,
          1.3855231954073904e+001, -6.3775888734765585e-001,
          -5.1834132529672272e-001, -3.9899607145261234e-001,
          -2.7688832300479810e-001, -2.8460347457905621e+000,
          -1.4337716905590150e+000, 3.2352548638899782e-002,
          1.4385764579042308e+000, 2.7405619240374448e+000,
          -1.1617931119328752e+001, -9.7040090601602014e+000,
          -7.5180774778099568e+000, -5.5215542476559571e+000,
          -7.5036310856832449e+000, -9.6095200671541896e+000,
          4.1502074111079832e+000, 6.1004159402961458e+000,
          8.2726217042563626e+000, 1.0188860388448106e+001,
          8.2291232271371015e+000, 6.1406279841478701e+000,
          -5.1762384059306203e+000, -4.9205662696356915e+000,
          -3.0257319913794931e+000, 6.7838705172986791e-002,
          3.1978937532011749e+000, 5.4017368088384687e+000,
          6.0477821780290393e+000, 6.0012138402326549e+000,
          4.6255354077245192e+000, 1.2213655935225916e+000,
